Task,Testing Accuracy,Training Accuracy,Validation Accuracy
1,0.987,1.0,0.99
2,0.855,0.994444444444,0.84
3,0.702,0.966666666667,0.69
4,0.746,0.876666666667,0.77
5,0.868,0.998888888889,0.84
6,0.952,0.996666666667,0.98
7,0.858,0.956666666667,0.96
8,0.903,0.995555555556,0.91
9,0.957,0.997777777778,0.98
10,0.889,0.992222222222,0.95
11,0.87,0.977777777778,0.84
12,0.958,0.996666666667,0.98
13,0.924,0.962222222222,0.9
14,0.88,1.0,0.86
15,0.513,0.712222222222,0.65
16,0.459,0.644444444444,0.3
17,0.555,0.707777777778,0.62
18,0.871,0.937777777778,0.9
19,0.106,0.224444444444,0.06
20,0.992,1.0,1.0
